epsi			tau
0.046271186440678	0.127118644067797	692
0.103220338983051	0.491525423728814	736
0.589743589743590	0.038461538461538	328
0.923076923076923	0.333333333333333	1000
0.307692307692308	0.307692307692308	900

===============================================
Show diff. between two implementation
tau1=0.333333333333333;
tau3=0.333333333333333;
epsi1=0.923076923076923;
epsi3=0.923076923076923;

tend=50;

init_phi1=0.5;init_phi2=0.25;

===============================================
dt=0.0001;
tstart=0;tend=50;        
tau1=0.0384615384615385;tau3=0.491525423728814;     
epsi12=0.923076923076923;epsi21=0.307692307692308;
epsi32=0.307692307692308;epsi23=0.923076923076923;
 
init_phi1=0.5;init_phi2=0.5;
===============================================
b=3;            
dt=0.00001;       
tstart=0;tend=50;        
tau1=0.0384615384615385;tau3=0.491525423728814;     
epsi12=0.923076923076923;epsi21=0.307692307692308;
epsi32=0.307692307692308;epsi23=0.923076923076923;
 
init_phi1=0;init_phi2=0;

